CASSPGQGAAETQYF
CSVEGLGGASQETQYF
CASSYNRHTYQETQYF
CAWSYSGQETQYF
CASSSRVDTQYFQFF
CASRGVAGVLMDTQYF
CASTRTPTSGGASKISDTQYF
CSARDQGIDTQYF
CASSPWGTDTQYFLGG
CAWSVLGGVTDTQYF
CASSWPITDTQYF
CASSPRVGSPSRSTDTQYFQYFAFF
CASSEKRGQSTDTQYF
CASVGPGELFF
CASSQESGGIYNEQFF
CASSPMSGSYNEQFF
CASYTGELFF
CASSLVGELFF
CAWNRGTGGEKLFF
CASSSVAGGPTGELFF
CSVFTVLDTQYF
CASGSNRALPYEQYF
CASSYQTSGKGFEQFF
CASSSSQGAEQYF
CASSWTSGDPTDTQYF
CASSFVFPLVGVPGGYTF